2389
3541
1944
5894
5475
1856
3149
3447
1074
4202
3551
4486
4862
1149
4026
708
5127
4804
4105
3601
1909
964
1308
4305
5664
1202
519
255
3946
3237
1857
2678
218
2011
2549
291
857
5967
1415
1617
2807
1819
5865
332
5239
4487
4611
1400
2944
4492
4083
1790
2749
991
1917
1078
4500
5356
3475
588
432
2624
5824
1809
736
4237
4966
5435
4964
868
4685
1808
420
5732
5386
1225
2617
3098
4995
3925
29
4159
4700
1902
2216
5545
2565
2510
4757
4048
4272
5589
4310
5848
1243
5449
2033
4390
1976
987
3903
1840
5730
2453
2289
1702
3650
3908
4024
5361
5784
2036
728
4869
4505
506
2556
4587
383
411
3683
2963
3924
454
5619
965
4801
5419
2421
959
2608
180
3370
3668
4479
3710
2464
3850
5145
5539
5547
1634
3791
5667
4426
1530
4924
4092
5013
5668
1511
2594
4946
4648
4739
2395
6015
937
214
3706
5852
480
1515
2927
2573
3039
4783
1410
3847
1039
4722
5015
457
3681
4459
4772
881
3066
3580
1461
4012
4953
1208
4297
1035
3432
69
3934
1054
4915
2416
3224
1845
404
2949
1117
783
1927
2218
4826
5704
1000
1375
1587
1795
3899
2458
5417
1316
4168
3233
2527
4588
1176
4301
135
12
4175
2170
711
4901
3557
3501
5441
2876
3676
3184
879
2433
5529
319
5478
2950
1458
1855
4518
1764
2790
4558
2883
2539
919
5606
4732
4355
1384
4923
2173
3222
3011
3770
4715
923
1645
3328
4190
5785
4104
4576
2422
5913
5453
2914
4197
3862
1793
4873
2409
2501
2518
4340
3717
4713
5380
3735
2780
696
1727
750
1220
1810
1066
1324
957
1227
786
1695
3838
785
4653
5786
2030
3085
2961
1918
2956
4943
2455
5307
712
402
3877
3168
3631
4539
3338
3960
1566
1624
5232
4921
2839
5980
98
5997
5699
3202
1229
189
3558
4838
1668
3453
3811
3858
1531
5661
2333
3173
4860
3753
962
4929
310
1887
1060
2269
3481
4840
4601
2559
5172
2642
2786
3383
4878
1399
1317
2951
1281
1038
3762
3539
1430
3633
5153
2575
5397
77
2002
3278
2147
2799
4708
6006
3372
3627
4858
4737
908
2545
2423
4345
3297
5714
2671
3151
4702
3931
4764
3246
4072
4690
1274
265
3199
2651
2499
2277
846
4074
3690
1488
1286
3456
4013
3896
2121
997
3206
4607
467
5890
1862
1733
538
3542
2530
539
1953
2694
89
1244
3788
994
4999
4542
2536
3826
2821
2841
5222
116
4941
5069
4214
983
4671
2665
2734
3867
4357
3445
5795
1971
517
333
5911
5568
996
5185
1171
54
2388
4044
3497
621
4750
482
2163
1654
2112
503
2814
2097
1300
2691
5267
4279
4721
3012
4818
3646
787
2171
4775
5077
1933
5125
4444
2492
4888
1659
1319
1594
3487
3761
1982
1881
5147
284
2336
824
1619
2596
911
165
2114
5376
3268
2738
4741
971
2726
978
2526
3587
2267
3810
507
2787
2303
1732
4766
4133
1816
1474
3707
5674
2753
713
3289
514
4061
5268
2369
1025
4212
5258
5794
3469
5054
3296
4350
3889
3315
1108
3716
5787
67
408
3489
2164
3827
4136
2589
5950
1858
5999
2461
340
2975
3157
1901
5092
2143
3420
361
3550
26
5678
653
4112
4514
3153
3234
1833
1452
2960
5983
5459
4029
1387
5321
2013
188
4841
4989
2834
5394
3135
1036
5426
684
212
4434
4490
3726
4913
566
3990
153
2098
103
553
1834
5150
3376
3360
3897
4097
3441
1578
2875
5691
909
5173
3880
558
591
4501
1958
3597
1873
2206
1442
1451
1198
5805
1978
5823
5577
3544
4263
2386
2441
5293
4829
5364
2550
1242
246
355
3247
4583
5118
1762
4973
1981
2087
5688
3226
4146
6013
4082
2528
2202
1120
5231
2361
4831
3344
4153
380
3399
4018
2326
1481
1030
2391
1632
1081
4598
2704
5811
4066
253
4282
2049
50
3769
1650
1070
2271
5502
4515
4085
2228
5137
2191
4389
4540
524
3408
852
4725
3392
2625
5206
2086
5450
3703
3704
2612
6033
3754
3797
2857
4717
3630
2444
2702
5801
3593
3568
3871
2924
3423
388
3203
2467
3543
4358
5873
136
3330
1011
1524
3316
4354
1069
1401
4988
4281
3080
4569
4670
3449
1189
3319
2519
4592
4546
4049
2921
2916
898
4761
2095
3980
4762
2514
4138
1879
3773
1992
1416
5017
3842
3709
4497
2935
2629
3062
5119
325
4877
4401
2866
5858
5135
1559
2161
4856
5313
3017
3975
1471
5498
2397
3745
3272
5244
3624
945
5860
4091
589
3374
1653
1983
1358
3429
2494
501
4623
2579
2544
5927
1997
3582
1264
5079
5090
4120
1133
139
53
2204
1704
5481
5322
2864
619
4508
1500
2631
3609
4992
5708
1989
633
2480
5684
2652
3606
491
2345
3357
3036
5679
468
5415
1768
5329
4052
2037
2582
5348
3104
1063
1693
3171
3686
1644
5422
2761
3415
3067
4612
3516
1365
2189
5902
1091
5286
4187
2633
3385
2628
1626
3146
4908
4427
3747
2328
2512
3553
445
2789
2874
2548
248
3926
4726
2438
4257
5066
2798
5728
2166
730
5747
6017
1288
4134
1330
4174
3065
2811
2832
354
3665
5734
1638
1136
5813
3635
4538
2913
1713
5331
5896
2867
3436
4461
5034
4678
1269
3381
612
4746
5988
5789
651
5486
5443
4273
5410
601
3972
3106
3091
659
3384
4062
2005
1714
3565
5803
1366
263
4747
5292
2740
4613
4396
2307
3968
2460
5477
4022
173
1096
5800
3040
5833
2741
1567
3517
642
3901
5976
129
52
1350
4773
360
4222
2878
3228
2532
1651
918
3855
201
5036
1761
1170
502
4394
3740
4004
2957
3509
3242
177
5585
3591
1906
5072
5107
1254
5256
1337
447
461
1759
3345
2649
3701
2699
5427
4971
3444
2813
1684
430
3027
6008
1028
3994
4227
4781
1199
4320
1664
3585
2468
5208
1053
3774
2341
2554
3986
5157
3602
4314
1449
5556
3830
525
3482
261
4101
302
1477
1077
1297
2424
1744
2708
4254
3658
5727
4776
4564
4683
4060
5226
5771
4051
2547
1015
3136
64
768
5194
828
5987
1055
3471
5827
1348
1678
637
5355
871
1794
5485
2932
5252
2971
2580
1507
1864
2940
4633
3616
59
3002
2673
4000
4740
1995
4100
4385
5171
4393
4658
4376
4896
4513
374
5041
65
70
866
2910
2983
3813
3561
5989
2103
5308
2355
5224
2865
3207
320
4178
3989
2201
5977
1418
926
1465
2765
3805
752
118
3959
162
5245
704
496
2188
2462
1058
1843
952
3737
2172
1298
545
565
5230
5035
1427
1979
3617
3691
164
4431
1217
3804
3186
999
317
1431
2208
1838
1344
2042
1658
5964
5620
3285
4640
292
1175
3513
1364
3439
1172
4404
5961
895
3461
419
1479
623
3229
451
5849
1320
429
4036
3087
1597
4679
3397
3698
4374
1799
2371
1815
2626
3446
2430
5249
3230
5542
3505
5810
692
5316
5187
4806
484
1521
2803
5117
4714
3629
4462
1132
3281
1027
3853
5314
4934
3252
5521
5338
1425
1446
1746
5887
2502
119
3177
2606
4132
3156
3941
4286
5600
4843
3865
2262
3033
2349
452
1393
1801
4902
2680
1646
1736
4875
4157
5646
4186
4363
1914
646
4123
407
2313
121
2454
2816
5134
5903
3259
3300
5106
3961
2434
773
2081
3970
904
1163
1241
5635
3712
1192
2169
643
5640
4532
4810
2273
4661
2412
2443
1697
2897
860
101
2119
2249
5088
850
2682
2720
4779
2020
3746
1492
2259
5357
5532
2605
4663
5885
1301
2572
3167
5188
1898
998
334
3984
4624
1583
654
5279
5237
4528
4081
5432
4987
931
2398
5562
5457
71
3708
495
4149
4920
4135
5957
490
2311
4655
4526
5694
2192
5818
4127
4108
2848
1636
5042
1984
3799
3056
2109
1246
5850
1891
5622
4650
1844
1993
5215
4349
5409
5444
5378
5192
5191
4792
4550
3287
4638
992
2661
2729
5621
5389
4089
4370
1338
2936
6039
1233
5934
5075
1915
1565
1752
226
5103
5912
1152
4463
1043
303
5518
5211
6016
5650
4198
2258
39
2760
5855
5895
4835
2329
2137
258
35
3864
4578
5726
2683
4368
86
4131
3661
3174
3936
4215
3298
3336
1580
3182
1312
724
234
114
2348
3533
1899
5352
2376
759
1754
4312
5031
4117
5797
3102
2847
4438
4621
4952
3212
4010
1963
954
5594
4507
233
5851
781
5900
840
667
5543
2268
4088
2319
2465
5675
2384
5067
4842
273
2157
2073
3218
3952
2603
4457
1104
3700
3251
2861
1938
804
2978
483
5993
3572
2320
1534
1095
4172
4454
820
2793
2292
4229
205
3742
414
1497
638
2925
2396
406
1499
5320
2370
1203
3878
5062
3337
886
3643
5379
117
3618
5385
2404
377
1897
159
2977
4785
2923
5854
5607
160
722
2871
1641
2233
4109
2872
3137
3008
5825
6027
4707
3955
3362
4931
1428
1466
4584
2083
4291
1618
2979
3021
4019
1861
4881
31
1444
697
989
5608
2996
2457
1200
976
1518
4849
3132
4590
2546
2802
2637
4585
4852
3112
3892
3127
2498
5583
5377
5612
3937
82
169
694
3407
863
556
4595
5121
76
4006
2808
2919
5881
5555
625
356
3743
5756
5124
5564
5360
3894
5132
1542
1827
584
4449
5770
1292
1448
4321
5553
5689
2543
5995
3962
3536
1896
1009
4445
4086
583
5659
4618
3266
1998
4756
1178
4
2583
549
321
2131
2054
4014
4629
5021
2358
968
2146
5241
2578
4959
5907
3253
733
3562
1667
1853
1589
1228
2966
4729
237
3822
1836
1032
955
3018
296
511
2406
5283
3387
4415
546
611
3515
2071
5592
2907
2022
929
5304
1528
4876
814
4096
1195
3819
1407
3951
614
4276
3193
5712
2317
6034
2895
4126
2767
3589
3351
2745
1846
3109
4793
699
2762
3795
3346
4895
1249
2588
3095
4511
681
5081
3034
4744
1001
1376
2067
1405
1044
607
295
1913
4718
250
5454
3448
4417
66
2120
5216
5280
2295
1379
178
1994
4882
2079
3639
2152
1280
3652
2679
2003
2012
5629
1314
187
2613
5945
3656
4906
2698
41
887
3468
2500
812
4985
2824
660
5546
609
4916
2900
1605
1478
743
4182
839
5462
426
2393
2577
1374
2250
4615
1988
272
5411
5601
2294
3999
5802
4228
5879
4472
4551
1089
4865
5130
862
3569
5164
5108
1562
2251
55
3243
1147
1728
3679
2507
1130
5739
3219
182
5654
3409
910
2964
1782
2298
1496
762
5662
3129
877
2696
3982
4221
3893
5190
5520
4827
2854
316
2899
4798
198
5093
2933
4791
4839
304
186
4854
1968
2179
1215
3607
3538
3026
1962
2316
4524
5840
4046
5310
3332
3928
700
4855
423
245
5733
4460
5929
5501
2187
1101
639
1941
3478
28
2604
1181
677
1310
650
3777
1772
691
1463
4853
4378
3248
5464
1403
4032
1870
2150
3812
3564
1111
2093
4219
5500
4164
1561
2970
2001
5209
2635
1266
1526
1549
3852
138
158
379
4090
4763
1662
5792
230
2056
4397
4936
1672
33
3728
2711
1602
1138
3161
5648
3037
3845
3911
2930
2149
3806
3916
3425
578
298
4581
4326
1708
5323
2752
3108
2849
3205
947
5504
5210
3216
1543
4015
1506
3537
1259
3190
1610
4429
5836
5834
3052
1071
3416
1212
961
5941
3904
1328
574
1943
2886
3969
3290
5368
1084
1666
5940
4399
3435
629
3546
4317
1621
1680
2196
2713
3757
1552
5317
2352
277
2826
84
3610
977
2214
3891
928
4547
982
1211
4938
4405
131
3741
5491
4836
2362
2660
4484
3843
3322
3613
1874
1221
3304
4848
1277
5346
5248
5016
4844
2804
5189
4148
2879
3637
661
1773
3061
389
2489
4900
5891
592
1872
3143
2285
57
210
4969
4145
1905
5857
2779
1016
4530
3093
3163
2207
1596
4759
2788
1577
3868
1771
5479
1910
306
3939
1434
1705
5298
2782
541
4455
4984
5259
133
5312
707
2029
568
3324
1023
4907
4344
5775
5723
4610
3636
3443
5767
3625
5367
4955
3
560
2104
831
338
571
2162
913
5420
3971
5763
3626
2394
1307
1830
4102
5533
378
5195
5522
145
4115
3361
2479
1554
4889
4425
516
4386
326
5030
1888
2068
5033
1196
1694
3428
5064
3077
5634
1800
2200
299
2337
1034
2343
2684
260
1179
2885
2478
4303
2812
1550
4716
1548
6014
2065
79
4169
1409
1894
2312
3134
2674
3333
3327
2609
5429
3832
3586
2712
4191
678
279
437
1792
2158
2051
1408
4380
421
2089
2645
3195
3906
4264
4813
2529
3442
202
4122
4057
2659
4720
3308
1535
3422
3079
4701
3870
3023
5078
3038
2953
4468
771
3466
1258
665
3015
350
5638
4488
532
3861
854
4173
4489
403
1347
336
2414
6036
679
1804
3792
3288
3301
236
3829
2302
3197
5083
3312
2600
3577
4805
4562
3571
5186
1758
3849
235
1029
1859
4817
613
1404
1454
446
3783
5101
2566
618
2435
2984
2226
838
2541
4167
1863
4927
2915
4414
817
5493
3354
5757
5766
3604
4684
2695
1368
1852
3339
2701
5023
5809
4464
2901
3840
3898
4274
1231
3375
3860
1124
845
3111
154
2509
720
2000
3879
6022
5472
4406
384
4171
5020
456
5847
4580
2283
1265
4392
38
3576
229
2772
5375
2239
4958
3695
476
4894
3349
593
343
652
318
5398
3393
1620
5717
3364
2350
1086
2148
3731
3389
2733
6037
4160
4009
3529
2531
5560
3559
4603
6024
2309
1351
1866
4298
3303
3074
2168
472
943
190
4557
1271
3249
3092
1396
2794
5243
5327
5643
5962
1294
3421
5666
297
5705
3201
1717
4280
848
2099
5719
3215
2491
1558
3611
5160
4422
1392
2190
4760
1696
5497
2209
4802
4627
4042
5579
4948
2939
975
1484
1925
2587
4067
3050
2276
1005
934
508
4993
1467
5363
5306
5109
981
1475
5875
1576
587
5644
4412
2911
3334
1701
2563
4439
3503
5372
573
622
5026
5439
4645
2176
4751
3426
2965
2967
5196
2515
5737
3417
1323
3801
1880
3614
1699
5350
4203
4388
5019
3220
878
3857
5201
1648
4481
2644
215
413
2232
1321
616
4997
2077
4189
3895
1729
1122
2771
5626
1097
4577
916
4864
2748
3063
473
4440
3181
2952
5513
4239
4780
3504
2664
4745
1166
5484
5003
3730
3483
1919
3250
2160
5061
1735
1164
1480
5595
5566
1776
100
2291
4917
4364
4596
5749
3914
2688
13
5720
72
4512
3506
2234
2237
2757
2304
3154
826
2069
4373
1395
3702
717
2297
1276
4712
1538
4898
5743
3756
1884
6002
1900
624
5610
2447
2654
2062
3096
3410
3458
1326
5683
4319
4696
2241
5578
2810
3600
3653
3771
3175
344
2092
1585
1263
5223
6026
669
5587
5483
3125
3340
5234
2669
2018
740
833
1121
2686
4748
241
4473
6038
3875
3462
4687
6007
3512
231
2111
4448
9
3727
2989
4857
2884
81
2917
5742
3583
2882
305
3123
6000
87
2053
4736
1689
2668
687
4787
3019
4692
2293
5736
4017
1722
4322
552
2090
2938
710
1711
5296
5151
216
5876
5471
2360
4423
5943
1674
151
3440
4034
2215
5246
6018
213
95
4517
3302
5288
1033
1205
747
2035
5632
256
2893
5535
5670
5294
3720
979
2266
3323
3100
3996
4617
2553
197
1153
4834
1966
4874
3648
4016
1627
3594
4293
3798
1551
5425
1336
985
2145
3581
980
4261
807
2347
137
4177
3979
1174
5273
5302
4113
4657
1116
36
156
4008
1970
2622
5819
1750
4824
5877
251
25
5214
1253
140
2781
5012
4631
5872
341
774
5396
3119
3244
2296
278
1560
2110
723
3043
5437
5788
1041
2840
63
4699
1239
5856
4183
2021
1014
5474
2354
841
4155
5769
1373
3603
1656
1513
23
1655
4962
2064
5295
4432
4436
2982
3004
5905
5748
1929
2448
1718
5845
4709
1849
6023
685
5487
741
243
4352
5655
3209
122
4381
5213
5262
5953
2931
695
5835
2272
91
3496
144
15
2366
890
3014
4568
5
1472
894
223
1047
966
1719
1102
460
1232
1545
715
3672
464
3054
1112
3041
2261
4604
3736
4974
5853
5820
3430
4796
1238
5649
585
823
4652
1040
5914
1093
2466
3006
842
3750
716
778
1447
5043
5700
1649
2133
1616
5517
941
1959
3854
3912
5413
1725
1612
1985
1219
2034
4956
3619
2364
805
3140
5672
1261
3180
874
113
2990
4669
2219
3138
1572
4309
1945
4288
2070
4223
4180
220
4832
2929
1460
2066
3528
1156
1282
309
1363
3807
2365
3554
2415
1342
4967
148
3024
4786
1937
1842
5404
5806
4800
2387
1767
764
672
3258
5779
2778
1012
1948
4830
5603
4163
3192
4418
2973
3030
4665
3886
586
2513
5550
1050
3502
4128
1519
1008
2980
1663
3068
912
1305
5128
2634
2724
3060
2754
1916
90
1661
351
3693
3231
161
4094
3949
2627
1177
1267
3158
1218
1162
2943
815
2383
1553
125
5080
5131
3286
1213
1588
1436
2958
5149
1332
2408
5711
2339
2105
2838
649
2252
5639
4207
1490
2026
5114
8
806
1068
2775
5073
470
4209
1787
4799
729
5716
3647
4963
5421
2700
1445
1965
2244
399
3534
3352
3644
4206
168
459
3992
1302
2426
664
620
5318
4912
3460
1417
3465
2542
765
1329
287
2463
4265
2041
5183
493
1303
5551
4619
634
2650
1860
4185
579
4469
6031
4910
4691
4384
5932
5790
5401
3236
2993
3003
2195
4566
3097
5725
3884
3632
2367
1509
4080
527
5952
1383
1234
228
500
2255
2136
865
322
3211
3452
3778
1340
5637
2063
5901
2716
3484
5407
4140
888
1157
1703
2023
2506
4365
4065
4056
2459
1679
4980
1950
4003
5549
4071
4446
1798
2758
2969
5275
5247
418
5613
3120
5544
4597
5466
3295
1951
5627
5416
5956
3121
3470
5505
4005
60
192
1290
353
3107
3885
75
5701
2134
2681
5597
739
4323
2288
4402
3890
5883
286
4871
2889
43
1370
2174
1180
5094
5870
2474
5006
184
1987
969
1600
1489
2446
51
4313
798
4250
3055
2353
5242
2445
4925
604
3887
1048
385
6028
5284
2503
748
4268
5937
5236
1
3084
4119
1623
4543
5698
1823
2356
2759
1158
4833
1105
2750
3615
594
5596
294
1088
5981
4318
813
3933
4586
5207
4356
986
3311
1353
4041
5630
1731
4698
5495
4755
2880
3000
441
224
1633
6029
1803
3940
6003
4771
4476
1462
2868
1788
5753
746
1999
5369
1557
3255
4231
605
2257
3956
5337
3082
1216
4256
314
2690
4933
1601
4267
5388
3331
4961
4284
2994
3796
1494
5374
2703
5554
3210
3522
3595
856
5381
5424
275
3991
2797
4045
3437
4630
2334
4407
88
5387
1556
951
487
2287
2198
4252
2155
2058
2381
32
4930
1930
1642
1676
2477
2739
4030
1251
3353
1640
5179
829
3978
4124
5430
5958
2959
967
5063
1936
5563
289
3634
5588
5100
4093
4129
3144
323
590
3427
2425
1371
640
1144
5765
4879
93
615
3434
5492
3001
5068
5844
2898
1885
721
5161
3666
4509
431
3307
4593
2862
690
2561
2327
3388
2705
4986
2648
5696
2894
1581
2487
5707
4295
4302
1159
5116
1204
2845
1469
5143
4371
3687
5070
111
5071
4116
3051
308
1986
1921
2088
5463
1056
4814
5838
562
1520
776
1706
453
580
3390
450
4891
2486
1848
4928
930
6032
5582
523
1688
3809
4494
2941
3194
4536
444
49
2663
873
4784
2488
2504
602
3130
267
5399
6040
5353
3566
1865
4510
4220
1061
2985
3064
2322
5482
1586
3514
2962
2017
4403
5253
1255
5423
4636
5405
688
4292
2004
4238
5165
3915
393
3988
4142
4529
438
990
751
4125
3404
5681
3029
3164
2560
939
4247
4225
3277
4903
596
2534
4947
4433
5112
2590
5946
4260
4553
1747
1813
5984
1083
4565
791
3343
5167
1380
1222
3380
5494
2888
2392
92
5828
2205
2592
5287
3714
5402
4230
5344
1113
4192
2859
4743
2413
3126
1252
1268
4294
4139
4622
1378
242
4765
870
1954
5155
1437
3545
5297
4632
5000
1753
4166
1349
544
4703
5990
5084
3938
206
5969
4552
1755
4944
371
3305
3605
5251
1974
557
2743
342
1826
2676
2747
5758
3721
995
3178
264
2585
5930
2240
5082
2014
5345
5884
5917
2829
4545
1193
339
2123
2230
5572
4073
22
627
4420
4201
2483
2820
5764
281
249
2126
359
569
2495
1568
4366
1841
14
880
2417
5697
112
903
2586
2728
1751
2280
2557
891
6005
34
4308
2331
4979
150
4218
5274
3271
2564
4002
434
2619
3221
3694
1854
4346
3548
415
782
3935
3347
2908
4216
3923
1262
2620
5305
5692
5004
5281
2717
2377
1539
4867
1824
572
3729
1805
2584
5906
3612
3089
4919
4419
1886
99
2955
366
3985
409
2764
3540
4053
5817
3966
1960
3785
5605
492
494
5051
78
4711
843
5050
4315
5713
3863
6001
3987
5508
2300
2796
2735
1137
5098
327
4909
10
5821
3318
2469
5347
2186
577
1911
5721
2831
1327
108
984
5660
5682
293
2199
5257
4752
1439
821
1956
3424
4482
4937
1681
5461
5822
3547
3069
5373
2047
1876
2184
3733
5291
3590
2129
3239
5371
401
3622
2061
1352
2988
357
2718
5569
5982
1737
4483
269
5146
427
2210
3567
126
5986
3974
4328
3983
1194
1996
4077
1161
1673
152
1990
2670
176
3684
836
2117
4504
2213
5760
485
1391
4011
1730
4968
2091
3223
5053
858
1197
835
448
4055
1608
1031
2825
166
424
2997
1422
1991
4307
1889
5709
4411
2639
689
673
2783
4575
1306
844
1421
3016
530
2521
5524
5354
2795
3596
132
5277
2431
2100
3457
196
758
988
4602
3749
4248
2048
4847
832
2763
816
1690
5540
2522
1394
175
3907
4269
3451
5866
4697
1343
330
19
5159
391
4213
4137
2177
4330
2027
2072
575
2595
645
5469
4400
4410
4758
3950
1388
1402
5959
666
3010
3657
2253
2774
4572
3398
1432
5869
4296
1223
2511
1770
300
143
5452
3474
1498
4325
1420
3697
5032
3920
3270
5631
4372
3013
3874
5395
94
2731
4059
2833
1182
2140
3519
2851
2828
5076
1510
244
5174
897
4306
5089
1675
5615
5434
5762
5045
1822
705
893
4194
2493
1726
5839
1522
5140
3306
1367
331
4641
376
4591
5974
5005
1103
3090
5874
2075
2400
4579
2420
207
1106
1912
390
5685
1724
5599
701
3909
4379
2725
4846
2525
518
3699
2591
4890
3059
2597
3560
4599
1037
3555
5418
6019
5624
3526
271
4208
564
2823
2576
2903
617
1908
4945
1325
1967
1493
3552
3598
3369
668
2937
3751
4885
4020
3715
4549
718
738
2330
4141
498
3578
1491
2456
5456
917
2827
2896
4695
5832
368
3405
1647
5656
4130
5480
3133
97
259
4642
1584
876
4204
2972
5741
3083
3128
1698
3667
474
4749
4637
534
1369
938
2094
3031
5414
5460
3009
1435
5335
240
497
5403
4809
631
504
4069
2981
3732
1763
5618
2555
141
3856
5889
5235
5099
1716
4647
3900
4996
1333
5799
462
4537
1191
3508
4278
2638
2010
3402
1814
1119
2153
1935
2107
5383
4121
656
3993
5311
644
4450
1893
4957
3784
3152
698
5752
1582
2403
5798
3262
1148
4075
3378
3348
4259
1723
3780
1847
4226
2877
2687
458
3820
3472
4949
5926
74
1629
107
770
1660
1079
1339
3241
706
1295
709
4377
5328
745
5177
128
4333
4594
1523
48
2118
2138
5511
3005
3782
5519
324
1209
4332
4243
443
3943
5365
4443
4975
658
600
3913
3235
5010
1720
950
1536
2571
2538
3053
4825
1700
4367
792
4608
3172
2855
1683
4742
3881
5690
5181
5516
170
1453
478
5193
3918
2055
3803
3317
2912
2621
329
481
3438
5440
4554
809
3531
5636
2472
2473
3724
375
2689
5722
3556
5793
1832
2439
280
1611
2890
5796
535
5289
1778
2709
3264
703
2040
1087
3779
4664
5715
2706
2142
4767
1835
232
2440
3367
3579
1476
4266
5573
2299
4351
5740
5384
4978
1972
5751
4646
3122
3114
2270
4336
676
4151
4965
3214
5007
4287
3280
5156
686
2025
4694
4165
2193
3663
1099
3169
3917
4768
2934
4474
3454
4990
2482
4035
3815
1769
851
2008
5058
268
2264
1806
2904
4111
3932
864
4676
3081
4195
2928
3851
2484
5680
2402
3997
301
4686
3776
3524
5096
4811
2281
2947
4774
5162
5951
4499
1784
896
2533
4413
1603
2278
2611
387
2045
734
3382
5960
3117
1942
3366
2380
4994
927
942
559
2254
4668
283
5523
924
3499
2742
2593
4359
397
3433
3187
5047
5938
1609
1573
362
648
1483
4942
3789
1356
2085
719
3866
905
3748
30
906
948
479
4068
4884
5351
4680
5202
5861
5229
5781
1470
3638
315
3833
2842
1922
4506
433
5056
428
4095
4156
4643
1020
867
2116
1791
2301
682
3309
1904
194
671
4304
775
4079
2618
5029
5669
1802
5400
1354
3213
6009
1920
2998
1868
5971
1946
2792
1514
4710
5575
5537
4795
2552
1165
5212
68
3261
4883
3155
5898
1851
1256
2139
819
5473
5285
3981
5018
85
439
3689
2101
3486
1151
5718
347
5044
3293
3088
1540
4001
4271
5358
6010
4561
4339
1049
1839
1625
1412
1593
3208
1210
5120
3101
3356
1635
2926
3718
1429
2243
5233
2363
5332
5645
5936
4991
5918
2274
167
749
3828
1503
3977
3976
3479
3825
626
2615
1533
5642
5340
45
4023
4614
4606
784
608
1140
1322
2976
4560
3455
227
5791
5512
1169
3113
5970
2325
5261
5002
3260
2229
2028
5750
3998
3232
1224
1742
753
2323
3787
4244
20
5333
2968
5531
4582
522
963
3942
5996
1143
4950
655
2203
5729
5319
3592
4573
3299
1082
1002
2039
2124
2551
4651
1590
3919
4241
1527
1628
3921
372
1926
3078
5686
3326
3273
2084
1485
1796
3640
2235
3035
195
1969
875
3765
674
5392
1606
2050
3165
5965
1397
526
1135
1214
1237
5702
4245
772
4200
5653
5892
2891
4863
2324
2858
105
3007
714
1059
3412
5780
2122
641
5602
40
4452
3608
115
1331
3584
5693
2476
4970
2856
3696
4211
5998
3401
1890
5899
5264
853
5808
5315
4555
4099
2535
4428
3204
3816
4845
628
889
2175
2236
5105
3325
4667
2183
2308
5129
163
5406
1807
810
5169
2076
3414
5979
3846
2442
5055
3020
974
3314
5703
1414
1740
3335
5370
58
3902
4823
796
5488
1167
3621
134
2666
3492
3494
1459
2905
3664
3599
1390
5126
110
5815
1516
2693
222
3124
4161
149
582
337
1686
1426
3520
4327
5496
5871
5136
2074
1139
2096
5590
2057
1406
5745
1630
2710
5514
1482
1045
1748
1599
2732
3814
2567
1691
1923
4070
4673
5868
2418
5921
5366
5841
3147
5455
1443
5217
2672
1413
548
4914
5557
795
6
1546
307
1206
4033
5746
4246
2992
3320
1883
2242
4982
2756
346
5270
3256
475
4654
282
486
3844
5330
5182
2452
551
2574
1955
1837
2046
4491
5939
5028
4535
266
1386
2922
5272
488
4331
5571
3406
1309
4375
5489
5442
5438
4790
5584
172
5909
4868
392
3057
349
1107
2106
3876
3535
4251
3459
345
5465
2768
2221
2
5908
972
731
2182
1785
1537
1877
4064
4926
3263
4050
1639
3752
4196
3723
2755
2945
2019
6011
5148
3373
4453
2078
1940
5228
1109
5266
416
3118
4210
2632
1973
2715
2714
2223
4043
4299
4705
755
2853
766
3071
2338
4939
4998
2342
693
3872
973
3835
2144
2178
2031
146
5074
1820
2436
3276
3292
1741
4782
1871
2809
993
1934
1024
3498
543
2991
2746
5052
3772
1021
2310
373
3755
5777
5097
3836
4430
1155
204
5731
4544
3463
5609
2850
1595
5326
422
147
1270
4502
2523
5955
1766
1615
2135
1924
597
1289
4521
2818
4152
2130
1745
940
2540
5102
4335
515
1118
5476
4285
2558
2496
4688
1154
1126
4525
3869
1067
1657
1783
5111
510
1687
5085
2722
6030
11
352
1975
3882
410
5113
1279
440
1022
270
1786
735
171
288
2151
1671
663
5263
466
5915
5445
4693
2314
958
3022
4283
1598
3680
3368
4866
1643
900
4519
1563
1828
4960
2167
794
1575
1382
4007
3824
3396
5203
4107
3995
5447
5992
3363
4548
42
2863
3431
4533
4880
2946
2282
1502
4451
24
680
2607
5220
1260
3685
2657
3692
2844
1928
2835
142
3103
1670
3162
5255
2212
5570
936
2837
1240
3045
5046
1042
5878
4940
3394
276
3973
5829
1098
5552
5334
1495
5086
2860
4343
3930
3058
4531
2410
790
5168
5933
4424
3391
4435
4493
1173
3734
5271
1114
1433
2127
1579
2405
3379
4495
1440
1456
435
4300
5807
4821
225
2385
4534
174
5349
3675
400
191
4589
3574
3386
3073
799
3491
2830
4935
3719
5037
2647
3760
2265
5393
1571
4570
221
849
1707
4837
4334
5897
5299
1829
4118
262
5774
405
1821
4234
1457
4466
5920
5515
5025
5509
193
5065
1359
2225
3510
1777
1278
742
2569
465
5783
2284
1455
2677
4150
647
4465
5538
4556
5617
2766
5467
3670
1051
3198
2220
1903
3947
1450
3500
3245
1372
4983
1931
2368
348
5254
4899
2246
902
285
5710
4078
932
550
2954
1569
2481
1080
2658
3705
3764
5576
4058
2059
4574
5110
1296
2379
2906
5412
4523
1247
5391
4205
2125
5176
2141
789
367
102
4467
5949
2222
1318
2015
4516
2643
1207
436
4342
576
5499
2817
949
4361
3649
1508
505
2128
313
3677
1334
4731
5973
2432
2437
2211
5651
2306
6035
4289
5676
311
922
5842
5301
1245
4677
3042
899
834
3395
1272
3291
3313
513
1123
3673
3945
4391
4972
127
5154
1186
4770
2224
1743
7
1574
1127
5198
109
5503
2475
5604
4471
2801
2815
2948
1721
3671
761
756
5663
2378
4639
5744
2869
5846
1311
5205
1275
1283
4815
2401
4441
5144
3766
1464
861
4803
1614
2776
3654
1076
4706
2918
554
4660
1341
5139
3238
606
4154
5991
2508
726
3265
3032
3873
529
5408
1760
5623
1424
5673
2108
4977
5928
837
3659
2723
398
1017
1529
788
4704
106
1591
1501
542
1710
3645
1398
3028
4681
1637
5867
5260
3953
18
5944
365
3200
5859
744
2902
381
4475
5916
3678
675
2873
1115
3072
3905
3570
3159
2429
2275
211
1604
4911
4981
2427
2667
3963
1131
5657
512
5754
2180
2375
3713
5541
5625
2305
3883
1346
5782
2614
5530
3048
4158
2245
528
4662
657
4609
2194
208
2806
5837
5778
5451
4922
2641
1184
3655
2562
1817
2819
61
396
2248
1739
5985
2784
5325
4893
780
5095
5614
2599
1125
3490
5931
4353
370
2505
471
3837
1818
5152
2357
1075
595
2920
257
369
5922
4954
2156
632
394
5448
4753
4496
2470
2227
5580
1487
2791
1013
5548
3575
5886
4249
5309
4976
1555
5830
4170
2372
4382
3944
1504
4242
4181
1712
5633
1361
80
3170
3507
3047
2024
5772
1190
179
4892
4559
5586
5022
1544
3150
3759
1226
1355
4442
561
2909
386
5695
5954
5968
5768
155
96
4520
3269
3793
763
4859
5759
3821
1468
4054
4727
970
1385
120
1419
3283
5561
1007
1026
5362
3341
252
2602
5975
3189
1547
5468
4808
3831
5227
3225
5436
2038
2335
3910
4193
3477
1230
3485
2662
2524
5816
3049
5008
2777
921
3139
2822
4258
818
4872
2987
956
533
5935
5724
2154
3148
4253
2390
3141
4232
6020
3075
6021
4666
4769
1964
5204
5652
2132
5804
4789
442
3523
455
872
2581
882
3464
4819
5826
3549
5342
1285
4063
4634
3183
1046
5904
1304
3105
3817
5009
4503
2630
2006
4886
3628
4600
737
16
555
5706
2231
2870
1512
5163
3179
683
364
5919
2485
4021
499
802
5963
2892
1284
662
946
760
3839
5565
3790
5123
274
563
17
3467
1774
1010
2471
4031
4816
1362
2646
181
5238
3669
4478
4477
1188
1525
1738
4103
4114
4421
1692
1357
5269
3688
363
2449
4277
4027
5831
1505
5641
2185
2286
3823
2032
570
4176
2610
3744
417
797
827
2655
358
1669
2640
3767
2332
5888
2351
4904
3623
2656
1142
1486
3473
5864
1517
4338
4626
1757
4730
328
5776
5924
635
3841
859
6012
3365
907
2881
2102
5276
3240
5048
3257
3488
5049
935
3848
869
5978
1201
1980
3086
4738
5525
5300
4369
1878
3781
2082
4038
200
1187
2260
5591
3818
1779
5966
2318
2080
4236
2727
5057
1299
3275
3377
130
2279
4870
1977
1235
2692
3682
855
1947
5559
123
1592
3191
4918
5942
1892
2770
238
5843
4347
4143
5142
5574
4324
803
2290
4735
953
1789
567
5138
5341
5773
4270
4106
1064
5923
219
4329
885
4184
4217
4290
4682
1952
4644
5180
4233
5882
636
3532
2843
5122
2598
3267
5040
2601
3525
2373
4567
1811
3964
2721
1335
157
892
3738
4408
5158
1062
4719
247
2340
3922
2115
3371
4932
599
1145
1360
520
62
3620
4224
4820
1532
767
1749
2887
2999
3450
2623
37
5336
2217
3711
630
2730
3957
1257
4485
5433
5290
199
2374
4656
5658
3355
3166
1682
2359
925
1613
3254
3342
2805
3834
5616
1092
5060
3722
1825
5024
4275
4147
5390
1293
2382
2852
1423
3651
185
1057
920
5011
3493
1734
847
1291
335
3418
4807
2263
4316
1765
1564
830
3329
3802
915
4255
4362
2411
5221
2321
1570
4199
2419
1867
6004
382
2497
4087
1775
3642
3530
4458
2344
5814
3142
2450
3099
1882
3284
884
4470
1052
3358
933
3954
4571
801
2616
83
104
725
5880
5558
1003
5359
2737
4311
3800
2044
1389
4777
3674
777
3929
463
5240
2315
2974
3400
800
3094
449
4822
3359
5567
73
1875
883
5536
4084
2428
5647
4179
4025
2490
1019
1287
4498
4828
1315
1631
5972
2719
2399
2736
4541
217
3321
1313
3511
521
1129
3115
1756
4733
183
3145
3775
3808
5863
4348
4409
4797
5947
3411
1797
3927
469
825
2785
2407
27
3196
3110
1932
5014
4897
489
3044
1652
1622
4240
5141
2537
312
3070
3046
5671
2346
5458
3859
5178
5755
3116
3641
3274
5581
2043
3419
4635
3888
4360
5910
1665
2995
3763
4905
732
5225
5303
3310
1073
5166
2685
4527
581
3521
757
3573
4040
914
4861
4110
2197
5039
1085
2113
5175
1273
808
4605
4788
477
1004
536
5507
5170
4162
1685
124
603
4778
4850
44
47
4047
727
3786
5184
822
2165
4672
1677
4616
1957
2744
1473
1072
3279
1780
3563
2238
1134
3958
5893
5735
4144
3967
5339
3350
1907
960
4620
5470
2159
1160
610
3660
1094
1183
5027
2751
1006
4625
3527
3076
547
3227
5001
2942
4659
4812
1438
540
5282
2675
4734
239
4028
3739
2697
203
5534
4675
1607
5200
5446
2636
598
1411
3217
4754
4649
3185
5510
2052
1939
3518
3282
2769
3294
1541
793
1100
3768
2256
5528
3025
1250
5611
5526
4039
5038
4456
5593
254
2846
1869
4951
4723
4724
670
5278
3495
537
6025
2707
4522
5219
5199
3188
2516
1065
5687
1709
3413
5812
5738
46
1949
5087
5506
1168
3794
4337
3176
769
2451
4262
5324
1381
5994
2009
5343
5948
3588
5677
1248
4076
3965
4628
3948
5490
1018
5628
3131
5218
5925
1831
4387
4416
209
2247
4728
531
2007
1895
2060
1850
5428
1812
811
4689
5761
4098
56
3662
395
2517
3758
5133
1128
21
1715
4398
2016
3403
4037
5862
5265
1185
3725
5104
4480
425
1236
4341
290
5665
2800
5115
509
4851
412
1441
4383
5250
2986
901
1345
2773
2570
5527
754
5431
2568
4447
5382
1377
1961
1146
4563
779
5598
4674
2520
5091
4437
2653
1090
1781
3160
4794
2836
4395
5059
4188
1150
1110
4887
1141
2181
4235
3476
5197
3480
944
702